53001
53003
53005
53007
53009
53011
53013
53015
53017
53019
53021
53023
53025
53027
53029
53031
53033
53035
53037
53039
53041
53043
53045
53047
53049
53051
53053
53055
53057
53059
53061
53063
53065
53067
53069
53071
53073
53075
53077
06001
06003
06005
06007
06009
06011
06013
06015
06017
06019
06021
06023
06025
06027
06029
06031
06033
06035
06037
06039
06041
06043
06045
06047
06049
06051
06053
06055
06057
06059
06061
06063
06065
06067
06069
06071
06073
06075
06077
06079
06081
06083
06085
06087
06089
06091
06093
06095
06097
06099
06101
06103
06105
06107
06109
06111
06113
06115
41001
41003
41005
41007
41009
41011
41013
41015
41017
41019
41021
41023
41025
41027
41029
41031
41033
41035
41037
41039
41041
41043
41045
41047
41049
41051
41053
41055
41057
41059
41061
41063
41065
41067
41069
41071
08001
08003
08005
08007
08009
08011
08013
08015
08017
08019
08021
08023
08025
08027
08029
08031
08033
08035
08037
08039
08041
08043
08045
08047
08049
08051
08053
08055
08057
08059
08061
08063
08065
08067
08069
08071
08073
08075
08077
08079
08081
08083
08085
08087
08089
08091
08093
08095
08097
08099
08101
08103
08105
08107
08109
08111
08113
08115
08117
08119
08121
08123
08125
56001
56003
56005
56007
56009
56011
56013
56015
56017
56019
56021
56023
56025
56027
56029
56031
56033
56035
56037
56039
56041
56043
56045
49001
49003
49005
49007
49009
49011
49013
49015
49017
49019
49021
49023
49025
49027
49029
49031
49033
49035
49037
49039
49041
49043
49045
49047
49049
49051
49053
49055
49057
35001
35003
35005
35006
35007
35009
35011
35013
35015
35017
35019
35021
35023
35025
35027
35028
35029
35031
35033
35035
35037
35039
35041
35043
35045
35047
35049
35051
35053
35055
35057
35059
35061
32001
32003
32005
32007
32009
32011
32013
32015
32017
32019
32021
32023
32027
32029
32031
32033
32510
30001
30003
30005
30007
30009
30011
30013
30015
30017
30019
30021
30023
30025
30027
30029
30031
30033
30035
30037
30039
30041
30043
30045
30047
30049
30051
30053
30055
30057
30059
30061
30063
30065
30067
30069
30071
30073
30075
30077
30079
30081
30083
30085
30087
30089
30091
30093
30095
30097
30099
30101
30103
30105
30107
30109
30111
30113
16001
16003
16005
16007
16009
16011
16013
16015
16017
16019
16021
16023
16025
16027
16029
16031
16033
16035
16037
16039
16041
16043
16045
16047
16049
16051
16053
16055
16057
16059
16061
16063
16065
16067
16069
16071
16073
16075
16077
16079
16081
16083
16085
16087
04001
04003
04005
04007
04009
04011
04012
04013
04015
04017
04019
04021
04023
04025
04027
