08001
08003
08005
08007
08009
08011
08013
08015
08017
08019
08021
08023
08025
08027
08029
08031
08033
08035
08037
08039
08041
08043
08045
08047
08049
08051
08053
08055
08057
08059
08061
08063
08065
08067
08069
08071
08073
08075
08077
08079
08081
08083
08085
08087
08089
08091
08093
08095
08097
08099
08101
08103
08105
08107
08109
08111
08113
08115
08117
08119
08121
08123
08125
56001
56003
56005
56007
56009
56011
56013
56015
56017
56019
56021
56023
56025
56027
56029
56031
56033
56035
56037
56039
56041
56043
56045
49001
49003
49005
49007
49009
49011
49013
49015
49017
49019
49021
49023
49025
49027
49029
49031
49033
49035
49037
49039
49041
49043
49045
49047
49049
49051
49053
49055
49057
35001
35003
35005
35006
35007
35009
35011
35013
35015
35017
35019
35021
35023
35025
35027
35028
35029
35031
35033
35035
35037
35039
35041
35043
35045
35047
35049
35051
35053
35055
35057
35059
35061
32001
32003
32005
32007
32009
32011
32013
32015
32017
32019
32021
32023
32027
32029
32031
32033
32510
30001
30003
30005
30007
30009
30011
30013
30015
30017
30019
30021
30023
30025
30027
30029
30031
30033
30035
30037
30039
30041
30043
30045
30047
30049
30051
30053
30055
30057
30059
30061
30063
30065
30067
30069
30071
30073
30075
30077
30079
30081
30083
30085
30087
30089
30091
30093
30095
30097
30099
30101
30103
30105
30107
30109
30111
30113
15001
15003
15007
15009
16001
16003
16005
16007
16009
16011
16013
16015
16017
16019
16021
16023
16025
16027
16029
16031
16033
16035
16037
16039
16041
16043
16045
16047
16049
16051
16053
16055
16057
16059
16061
16063
16065
16067
16069
16071
16073
16075
16077
16079
16081
16083
16085
16087
02013
02016
02020
02050
02060
02068
02070
02090
02100
02110
02122
02130
02150
02164
02170
02180
02185
02188
02201
02220
02232
02240
02261
02270
02280
02282
02290
04001
04003
04005
04007
04009
04011
04012
04013
04015
04017
04019
04021
04023
04025
04027
