53001
53003
53005
53007
53009
53011
53013
53015
53017
53019
53021
53023
53025
53027
53029
53031
53033
53035
53037
53039
53041
53043
53045
53047
53049
53051
53053
53055
53057
53059
53061
53063
53065
53067
53069
53071
53073
53075
53077
06001
06003
06005
06007
06009
06011
06013
06015
06017
06019
06021
06023
06025
06027
06029
06031
06033
06035
06037
06039
06041
06043
06045
06047
06049
06051
06053
06055
06057
06059
06061
06063
06065
06067
06069
06071
06073
06075
06077
06079
06081
06083
06085
06087
06089
06091
06093
06095
06097
06099
06101
06103
06105
06107
06109
06111
06113
06115
41001
41003
41005
41007
41009
41011
41013
41015
41017
41019
41021
41023
41025
41027
41029
41031
41033
41035
41037
41039
41041
41043
41045
41047
41049
41051
41053
41055
41057
41059
41061
41063
41065
41067
41069
41071
